# Energy(MeV) Mo Ta Pt Au U
# 101 6
# 101 6
 0.00000000e+00  0.00000000e+00  0.00000000e+00  0.00000000e+00  0.00000000e+00  0.00000000e+00
 5.00000000e-01  1.24432155e-02  2.14306684e-02  2.28649599e-02  2.31513139e-02  2.68586999e-02
 1.00000000e+00  2.45805696e-02  4.19620617e-02  4.47076806e-02  4.52549169e-02  5.23123578e-02
 1.50000000e+00  3.64232029e-02  6.16496200e-02  6.55952158e-02  6.63803566e-02  7.64684152e-02
 2.00000000e+00  4.79817212e-02  8.05443178e-02  8.55888808e-02  8.65911582e-02  9.94236311e-02
 2.50000000e+00  5.92662277e-02  9.86931050e-02  1.04744852e-01  1.05945463e-01  1.21265378e-01
 3.00000000e+00  7.02863518e-02  1.16139296e-01  1.23114697e-01  1.24496586e-01  1.42072752e-01
 3.50000000e+00  8.10512773e-02  1.32922917e-01  1.40745833e-01  1.42293507e-01  1.61917533e-01
 4.00000000e+00  9.15697674e-02  1.49081007e-01  1.57681941e-01  1.59381305e-01  1.80865007e-01
 4.50000000e+00  1.01850189e-01  1.64647899e-01  1.73963324e-01  1.75801533e-01  1.98974688e-01
 5.00000000e+00  1.11900533e-01  1.79655455e-01  1.89627229e-01  1.91592563e-01  2.16300940e-01
 5.50000000e+00  1.21728438e-01  1.94133290e-01  2.04708128e-01  2.06789879e-01  2.32893526e-01
 6.00000000e+00  1.31341209e-01  2.08108964e-01  2.19237976e-01  2.21426347e-01  2.48798077e-01
 6.50000000e+00  1.40745833e-01  2.21608158e-01  2.33246435e-01  2.35532452e-01  2.64056520e-01
 7.00000000e+00  1.49948997e-01  2.34654829e-01  2.46761073e-01  2.49136507e-01  2.78707444e-01
 7.50000000e+00  1.58957107e-01  2.47271359e-01  2.59807550e-01  2.62264847e-01  2.92786421e-01
 8.00000000e+00  1.67776298e-01  2.59478673e-01  2.72409779e-01  2.74941995e-01  3.06326304e-01
 8.50000000e+00  1.76412453e-01  2.71296364e-01  2.84590070e-01  2.87190819e-01  3.19357473e-01
 9.00000000e+00  1.84871210e-01  2.82742792e-01  2.96369265e-01  2.99032665e-01  3.31908071e-01
 9.50000000e+00  1.93157980e-01  2.93835181e-01  3.07766856e-01  3.10487485e-01  3.44004198e-01
 1.00000000e+01  2.01277955e-01  3.04589708e-01  3.18801090e-01  3.21573948e-01  3.55670103e-01
 1.05000000e+01  2.09236122e-01  3.15021577e-01  3.29489071e-01  3.32309541e-01  3.66928336e-01
 1.10000000e+01  2.17037269e-01  3.25145094e-01  3.39846844e-01  3.42710661e-01  3.77799900e-01
 1.15000000e+01  2.24685998e-01  3.34973731e-01  3.49889481e-01  3.52792700e-01  3.88304380e-01
 1.20000000e+01  2.32186732e-01  3.44520189e-01  3.59631148e-01  3.62570117e-01  3.98460058e-01
 1.25000000e+01  2.39543726e-01  3.53796446e-01  3.69085174e-01  3.72056515e-01  4.08284024e-01
 1.30000000e+01  2.46761073e-01  3.62813814e-01  3.78264113e-01  3.81264695e-01  4.17792268e-01
 1.35000000e+01  2.53842710e-01  3.71582982e-01  3.87179801e-01  3.90206720e-01  4.26999771e-01
 1.40000000e+01  2.60792431e-01  3.80114059e-01  3.95843403e-01  3.98893965e-01  4.35920578e-01
 1.45000000e+01  2.67613886e-01  3.88416611e-01  4.04265459e-01  4.07337166e-01  4.44567874e-01
 1.50000000e+01  2.74310595e-01  3.96499698e-01  4.12455934e-01  4.15546464e-01  4.52954048e-01
 1.55000000e+01  2.80885949e-01  4.04371910e-01  4.20424249e-01  4.23531446e-01  4.61090752e-01
 1.60000000e+01  2.87343216e-01  4.12041392e-01  4.28179323e-01  4.31301183e-01  4.68988955e-01
 1.65000000e+01  2.93685549e-01  4.19515876e-01  4.35729602e-01  4.38864261e-01  4.76658991e-01
 1.70000000e+01  2.99915990e-01  4.26802705e-01  4.43083092e-01  4.46228818e-01  4.84110607e-01
 1.75000000e+01  3.06037474e-01  4.33908859e-01  4.50247389e-01  4.53402569e-01  4.91353001e-01
 1.80000000e+01  3.12052834e-01  4.40840975e-01  4.57229700e-01  4.60392834e-01  4.98394864e-01
 1.85000000e+01  3.17964807e-01  4.47605369e-01  4.64036874e-01  4.67206564e-01  5.05244409e-01
 1.90000000e+01  3.23776035e-01  4.54208056e-01  4.70675418e-01  4.73850363e-01  5.11909410e-01
 1.95000000e+01  3.29489071e-01  4.60654765e-01  4.77151521e-01  4.80330510e-01  5.18397226e-01
 2.00000000e+01  3.35106383e-01  4.66950959e-01  4.83471074e-01  4.86652977e-01  5.24714829e-01
 2.05000000e+01  3.40630357e-01  4.73101849e-01  4.89639686e-01  4.92823452e-01  5.30868831e-01
 2.10000000e+01  3.46063301e-01  4.79112408e-01  4.95662699e-01  4.98847349e-01  5.36865506e-01
 2.15000000e+01  3.51407446e-01  4.84987382e-01  5.01545210e-01  5.04729830e-01  5.42710810e-01
 2.20000000e+01  3.56664951e-01  4.90731310e-01  5.07292077e-01  5.10475818e-01  5.48410405e-01
 2.25000000e+01  3.61837907e-01  4.96348527e-01  5.12907940e-01  5.16090007e-01  5.53969670e-01
 2.30000000e+01  3.66928336e-01  5.01843180e-01  5.18397226e-01  5.21576883e-01  5.59393726e-01
 2.35000000e+01  3.71938199e-01  5.07219238e-01  5.23764168e-01  5.26940726e-01  5.64687446e-01
 2.40000000e+01  3.76869392e-01  5.12480499e-01  5.29012811e-01  5.32185629e-01  5.69855471e-01
 2.45000000e+01  3.81723754e-01  5.17630602e-01  5.34147023e-01  5.37315505e-01  5.74902228e-01
 2.50000000e+01  3.86503067e-01  5.22673031e-01  5.39170507e-01  5.42334096e-01  5.79831933e-01
 2.55000000e+01  3.91209059e-01  5.27611129e-01  5.44086806e-01  5.47244986e-01  5.84648613e-01
 2.60000000e+01  3.95843403e-01  5.32448102e-01  5.48899314e-01  5.52051604e-01  5.89356110e-01
 2.65000000e+01  4.00407723e-01  5.37187023e-01  5.53611285e-01  5.56757236e-01  5.93958096e-01
 2.70000000e+01  4.04903594e-01  5.41830844e-01  5.58225835e-01  5.61365032e-01  5.98458079e-01
 2.75000000e+01  4.09332546e-01  5.46382400e-01  5.62745955e-01  5.65878012e-01  6.02859412e-01
 2.80000000e+01  4.13696060e-01  5.50844413e-01  5.67174515e-01  5.70299072e-01  6.07165305e-01
 2.85000000e+01  4.17995577e-01  5.55219499e-01  5.71514269e-01  5.74630992e-01  6.11378828e-01
 2.90000000e+01  4.22232494e-01  5.59510175e-01  5.75767860e-01  5.78876442e-01  6.15502922e-01
 2.95000000e+01  4.26408168e-01  5.63718860e-01  5.79937831e-01  5.83037985e-01  6.19540405e-01
 3.00000000e+01  4.30523918e-01  5.67847882e-01  5.84026622e-01  5.87118084e-01  6.23493976e-01
 3.05000000e+01  4.34581025e-01  5.71899482e-01  5.88036582e-01  5.91119107e-01  6.27366224e-01
 3.10000000e+01  4.38580732e-01  5.75875816e-01  5.91969969e-01  5.95043330e-01  6.31159634e-01
 3.15000000e+01  4.42524250e-01  5.79778964e-01  5.95828955e-01  5.98892945e-01  6.34876588e-01
 3.20000000e+01  4.46412755e-01  5.83610926e-01  5.99615631e-01  6.02670057e-01  6.38519375e-01
 3.25000000e+01  4.50247389e-01  5.87373633e-01  6.03332011e-01  6.06376698e-01  6.42090193e-01
 3.30000000e+01  4.54029264e-01  5.91068946e-01  6.06980035e-01  6.10014819e-01  6.45591154e-01
 3.35000000e+01  4.57759462e-01  5.94698658e-01  6.10561570e-01  6.13586305e-01  6.49024288e-01
 3.40000000e+01  4.61439035e-01  5.98264503e-01  6.14078419e-01  6.17092970e-01  6.52391546e-01
 3.45000000e+01  4.65069006e-01  6.01768149e-01  6.17532319e-01  6.20536561e-01  6.55694808e-01
 3.50000000e+01  4.68650372e-01  6.05211212e-01  6.20924943e-01  6.23918766e-01  6.58935880e-01
 3.55000000e+01  4.72184102e-01  6.08595248e-01  6.24257909e-01  6.27241212e-01  6.62116502e-01
 3.60000000e+01  4.75671141e-01  6.11921763e-01  6.27532777e-01  6.30505469e-01  6.65238350e-01
 3.65000000e+01  4.79112408e-01  6.15192211e-01  6.30751052e-01  6.33713051e-01  6.68303038e-01
 3.70000000e+01  4.82508797e-01  6.18407998e-01  6.33914189e-01  6.36865422e-01  6.71312122e-01
 3.75000000e+01  4.85861183e-01  6.21570482e-01  6.37023593e-01  6.39963996e-01  6.74267101e-01
 3.80000000e+01  4.89170413e-01  6.24680979e-01  6.40080622e-01  6.43010139e-01  6.77169421e-01
 3.85000000e+01  4.92437316e-01  6.27740759e-01  6.43086587e-01  6.46005168e-01  6.80020479e-01
 3.90000000e+01  4.95662699e-01  6.30751052e-01  6.46042758e-01  6.48950362e-01  6.82821619e-01
 3.95000000e+01  4.98847349e-01  6.33713051e-01  6.48950362e-01  6.51846952e-01  6.85574142e-01
 4.00000000e+01  5.01992032e-01  6.36627907e-01  6.51810585e-01  6.54696133e-01  6.88279302e-01
 4.05000000e+01  5.05097496e-01  6.39496737e-01  6.54624577e-01  6.57499058e-01  6.90938311e-01
 4.10000000e+01  5.08164470e-01  6.42320624e-01  6.57393449e-01  6.60256846e-01  6.93552341e-01
 4.15000000e+01  5.11193665e-01  6.45100614e-01  6.60118279e-01  6.62970577e-01  6.96122523e-01
 4.20000000e+01  5.14185775e-01  6.47837724e-01  6.62800108e-01  6.65641300e-01  6.98649952e-01
 4.25000000e+01  5.17141478e-01  6.50532937e-01  6.65439946e-01  6.68270028e-01  7.01135684e-01
 4.30000000e+01  5.20061432e-01  6.53187210e-01  6.68038773e-01  6.70857745e-01  7.03580745e-01
 4.35000000e+01  5.22946284e-01  6.55801466e-01  6.70597536e-01  6.73405402e-01  7.05986123e-01
 4.40000000e+01  5.25796662e-01  6.58376606e-01  6.73117155e-01  6.75913923e-01  7.08352776e-01
 4.45000000e+01  5.28613180e-01  6.60913499e-01  6.75598521e-01  6.78384202e-01  7.10681634e-01
 4.50000000e+01  5.31396439e-01  6.63412992e-01  6.78042498e-01  6.80817108e-01  7.12973594e-01
 4.55000000e+01  5.34147023e-01  6.65875906e-01  6.80449927e-01  6.83213482e-01  7.15229525e-01
 4.60000000e+01  5.36865506e-01  6.68303038e-01  6.82821619e-01  6.85574142e-01  7.17450271e-01
 4.65000000e+01  5.39552445e-01  6.70695163e-01  6.85158365e-01  6.87899878e-01  7.19636649e-01
 4.70000000e+01  5.42208387e-01  6.73053031e-01  6.87460933e-01  6.90191462e-01  7.21789450e-01
 4.75000000e+01  5.44833864e-01  6.75377374e-01  6.89730065e-01  6.92449639e-01  7.23909442e-01
 4.80000000e+01  5.47429399e-01  6.77668901e-01  6.91966486e-01  6.94675134e-01  7.25997370e-01
 4.85000000e+01  5.49995500e-01  6.79928304e-01  6.94170897e-01  6.96868653e-01  7.28053954e-01
 4.90000000e+01  5.52532665e-01  6.82156252e-01  6.96343982e-01  6.99030879e-01  7.30079896e-01
 4.95000000e+01  5.55041381e-01  6.84353398e-01  6.98486402e-01  7.01162478e-01  7.32075876e-01
 5.00000000e+01  5.57522124e-01  6.86520376e-01  7.00598802e-01  7.03264095e-01  7.34042553e-01
